  single point
       lzsn000     2.269631000000000         1.000000         0.000000    
     infilt110    6.3867513000000000E-02     1.000000         0.000000    
     infilt120    0.1178505000000000         1.000000         0.000000    
     infilt210    0.2379845000000000         1.000000         0.000000    
     infilt220    0.5000000000000000         1.000000         0.000000    
     infilt310    6.6622413000000008E-02     1.000000         0.000000    
     infilt320    0.1468971000000000         1.000000         0.000000    
      agwrc000    0.9790137000000000         1.000000         0.000000    
     deepfr000    2.0635569000000000E-04     1.000000         0.000000    
     basetp000    4.7517792000000000E-02     1.000000         0.000000    
     agwetp000    1.0000000000000000E-03     1.000000         0.000000    
       uzsn100     2.000000000000000         1.000000         0.000000    
       uzsn200     1.882279000000000         1.000000         0.000000    
       uzsn300     2.000000000000000         1.000000         0.000000    
      intfw100     10.00000000000000         1.000000         0.000000    
      intfw200     10.00000000000000         1.000000         0.000000    
      intfw300     2.092486000000000         1.000000         0.000000    
        irc000    0.4433022000000000         1.000000         0.000000    
      cepsc100    0.4000000000000000         1.000000         0.000000    
      cepsc200    3.2349641000000000E-02     1.000000         0.000000    
      cepsc300    0.2000000000000000         1.000000         0.000000    
      lzetp100    0.4509261000000000         1.000000         0.000000    
      lzetp200    0.2675414000000000         1.000000         0.000000    
      lzetp300    0.6782096000000000         1.000000         0.000000    
