 single point
 lzsn000               2.592339        1.000000        0.000000    
 infilt110            5.1534469E-03    1.000000        0.000000    
 infilt120            0.1283826        1.000000        0.000000    
 infilt210            0.5000000        1.000000        0.000000    
 infilt220            0.4750000        1.000000        0.000000    
 infilt310            8.9604780E-02    1.000000        0.000000    
 infilt320            0.4306442        1.000000        0.000000    
 agwrc000             0.9741355        1.000000        0.000000    
 deepfr000            9.9999997E-06    1.000000        0.000000    
 basetp000            4.3210648E-03    1.000000        0.000000    
 agwetp000            1.0020970E-03    1.000000        0.000000    
 uzsn100               1.987938        1.000000        0.000000    
 uzsn200               1.876408        1.000000        0.000000    
 uzsn300               1.900000        1.000000        0.000000    
 intfw100              9.500000        1.000000        0.000000    
 intfw200              9.500000        1.000000        0.000000    
 intfw300              1.834799        1.000000        0.000000    
 irc000               0.4091142        1.000000        0.000000    
 cepsc100             0.3800000        1.000000        0.000000    
 cepsc200             9.9999998E-03    1.000000        0.000000    
 cepsc300             0.1891031        1.000000        0.000000    
 lzetp100             0.6422969        1.000000        0.000000    
 lzetp200             0.2012452        1.000000        0.000000    
 lzetp300             0.2126285        1.000000        0.000000    
